$[[61 38 98 40 55] [38 73  8 64 28] [98  8  1 30  0] [40 64 30 26  0] [55 28  0  0 59]]
#0
4 38 98 40 5538 5 8 64 2898 8 6 30 040 64 30 8 055 28 0 0 9
#1
4 38 98 40 5538 5 8 64 2898 8 6 30 040 64 30 8 055 28 0 0 9
#2
4 38 98 40 5538 5 8 64 2898 8 6 30 040 64 30 8 055 28 0 0 9
#3
4 38 98 40 5538 5 8 64 2898 8 6 30 040 64 30 8 055 28 0 0 9
#4
4 38 98 40 5538 5 8 64 2898 8 6 30 040 64 30 8 055 28 0 0 9
#5
4 38 98 40 5538 5 8 64 2898 8 6 30 040 64 30 8 055 28 0 0 9
#6
4 38 98 40 5538 5 8 64 2898 8 6 30 040 64 30 8 055 28 0 0 9
#7
4 38 98 40 5538 5 8 64 2898 8 6 30 040 64 30 8 055 28 0 0 9
#8
4 38 98 40 5538 5 8 64 2898 8 6 30 040 64 30 8 055 28 0 0 9
#9
4 38 98 40 5538 5 8 64 2898 8 6 30 040 64 30 8 055 28 0 0 9
#10
4 38 98 40 5538 5 8 64 2898 8 6 30 040 64 30 8 055 28 0 0 9
#11
4 38 98 40 5538 5 8 64 2898 8 6 30 040 64 30 8 055 28 0 0 9
#12
4 38 98 40 5538 5 8 64 2898 8 6 30 040 64 30 8 055 28 0 0 9
#13
4 38 98 40 5538 5 8 64 2898 8 6 30 040 64 30 8 055 28 0 0 9
#14
4 38 98 40 5538 5 8 64 2898 8 6 30 040 64 30 8 055 28 0 0 9
#15
4 38 98 40 5538 5 8 64 2898 8 6 30 040 64 30 8 055 28 0 0 9
#16
4 38 98 40 5538 5 8 64 2898 8 6 30 040 64 30 8 055 28 0 0 9
#17
4 38 98 40 5538 5 8 64 2898 8 6 30 040 64 30 8 055 28 0 0 9
#18
4 38 98 40 5538 5 8 64 2898 8 6 30 040 64 30 8 055 28 0 0 9
#19
4 38 98 40 5538 5 8 64 2898 8 6 30 040 64 30 8 055 28 0 0 9
#20
4 38 98 40 5538 5 8 64 2898 8 6 30 040 64 30 8 055 28 0 0 9
#21
4 38 98 40 5538 5 8 64 2898 8 6 30 040 64 30 8 055 28 0 0 9
#22
4 38 98 40 5538 5 8 64 2898 8 6 30 040 64 30 8 055 28 0 0 9
#23
4 38 98 40 5538 5 8 64 2898 8 6 30 040 64 30 8 055 28 0 0 9
#24
4 38 98 40 5538 5 8 64 2898 8 6 30 040 64 30 8 055 28 0 0 9
#25
4 38 98 40 5538 5 8 64 2898 8 6 30 040 64 30 8 055 28 0 0 9
#26
4 38 98 40 5538 5 8 64 2898 8 6 30 040 64 30 8 055 28 0 0 9
#27
4 38 98 40 5538 5 8 64 2898 8 6 30 040 64 30 8 055 28 0 0 9
#28
4 38 98 40 5538 5 8 64 2898 8 6 30 040 64 30 8 055 28 0 0 9
#29
4 38 98 40 5538 5 8 64 2898 8 6 30 040 64 30 8 055 28 0 0 9
